0:
.##
###
#.#

1:
###
#..
###

2:
#.#
###
#.#

3:
###
.##
..#

4:
##.
.##
..#

5:
..#
###
###

48x44: 56 56 65 51 44 50
49x36: 35 32 21 36 37 31
39x50: 29 40 31 31 40 37
48x49: 43 44 44 32 53 40
48x35: 31 35 28 22 28 31
41x39: 41 29 47 40 44 46
43x43: 32 32 36 38 25 32
49x46: 30 47 45 37 33 47
47x50: 42 52 39 42 35 29
50x48: 45 38 44 48 33 48
38x38: 39 41 33 41 37 32
45x36: 43 33 45 49 39 41
49x40: 57 50 52 43 47 51
35x42: 32 23 22 23 27 27
35x41: 23 20 24 22 24 30
35x36: 34 38 32 35 27 27
36x36: 30 32 42 35 30 30
50x42: 34 28 30 43 49 39
36x45: 35 43 45 38 34 52
45x47: 44 44 23 32 45 37
38x46: 44 47 50 39 40 47
42x47: 49 27 33 37 38 25
50x48: 53 65 67 63 73 52
41x48: 54 62 44 51 46 45
39x50: 53 39 59 50 59 43
49x43: 50 55 48 62 56 55
48x43: 29 43 46 35 37 34
36x47: 29 30 34 23 33 30
43x37: 42 43 40 47 31 40
43x40: 32 27 23 28 39 32
40x49: 46 56 49 54 52 46
35x48: 28 31 33 17 36 30
43x37: 16 37 27 32 24 32
45x36: 43 34 45 47 33 46
37x35: 24 27 17 25 17 22
48x43: 57 52 48 52 64 48
45x42: 37 37 32 32 31 40
45x48: 52 33 39 37 44 35
40x41: 25 29 25 35 32 23
47x38: 20 35 33 33 33 25
50x43: 28 38 47 33 42 35
45x49: 42 42 45 36 26 48
44x39: 51 49 39 51 43 32
43x40: 36 41 44 40 47 57
39x47: 49 48 49 41 45 49
36x39: 41 34 35 42 35 30
44x43: 40 23 30 29 27 47
36x38: 32 32 41 24 35 45
41x45: 30 36 34 30 35 30
35x38: 33 6 28 26 17 22
48x48: 43 39 42 54 37 40
42x44: 28 26 32 40 30 40
36x42: 55 28 35 45 36 34
36x44: 35 42 47 45 38 37
48x41: 34 41 36 35 25 36
37x36: 23 20 23 24 26 28
45x35: 19 29 27 34 28 28
42x46: 59 55 39 50 44 49
39x49: 39 35 28 42 28 36
39x41: 39 38 41 40 51 40
45x45: 55 62 46 43 57 49
41x45: 38 67 39 47 47 46
37x49: 35 28 33 39 29 27
49x46: 60 61 42 74 49 61
47x36: 32 26 23 33 33 33
49x39: 38 33 28 40 35 33
40x45: 38 32 35 31 28 31
39x40: 52 38 42 30 37 39
47x47: 35 47 32 45 31 35
43x50: 50 51 55 58 60 59
42x48: 36 37 47 31 46 27
49x43: 37 43 38 32 40 34
38x46: 27 29 35 29 30 30
41x47: 32 34 25 35 32 37
40x38: 38 24 22 17 27 28
43x50: 50 52 63 45 64 58
45x40: 37 41 36 23 30 28
39x42: 40 49 41 35 44 43
44x44: 57 46 52 50 52 42
35x49: 27 29 26 33 35 25
36x40: 38 31 33 47 36 38
44x46: 34 37 33 38 28 40
45x35: 17 34 24 30 30 30
45x47: 52 60 54 56 55 49
44x43: 50 52 38 52 39 58
37x49: 50 43 54 50 40 41
43x42: 47 46 55 43 41 44
47x40: 36 32 33 31 25 37
39x46: 41 34 30 27 34 29
37x46: 29 30 37 33 26 24
44x49: 39 39 41 34 27 43
50x43: 60 54 47 54 63 55
35x35: 32 30 34 27 34 32
47x48: 31 47 39 35 37 51
39x36: 29 29 31 19 19 28
39x43: 29 29 22 36 36 29
47x36: 60 39 47 35 35 41
35x45: 31 28 30 23 26 27
37x35: 23 18 19 30 12 29
35x46: 39 41 33 37 44 54
40x35: 38 33 40 34 35 35
46x49: 58 53 63 61 60 53
50x36: 32 36 35 30 22 36
49x35: 30 23 33 37 28 25
46x41: 36 26 36 36 31 30
39x45: 42 40 41 54 50 46
48x45: 47 51 54 60 65 59
36x49: 16 29 41 32 32 42
45x37: 50 43 34 45 36 47
47x41: 51 43 44 59 45 55
36x45: 41 44 37 47 44 38
36x46: 41 31 31 22 27 28
47x43: 26 33 38 32 36 44
49x44: 35 49 30 40 37 33
48x49: 42 46 41 45 36 46
43x36: 42 30 51 44 26 42
42x42: 42 50 41 39 42 56
41x44: 24 30 37 28 39 24
45x48: 41 24 41 41 40 52
44x39: 42 49 39 48 44 43
39x39: 24 22 32 27 33 30
44x40: 33 27 36 27 31 27
37x42: 26 29 33 28 23 29
49x50: 64 51 69 63 66 65
41x50: 34 44 36 26 33 35
44x46: 56 49 52 51 53 51
40x49: 37 48 59 66 43 49
42x45: 34 25 33 40 35 42
40x41: 24 28 38 34 24 20
50x41: 36 46 37 28 27 34
46x35: 38 24 26 22 29 25
50x43: 35 27 42 40 39 41
46x37: 39 52 39 50 29 50
45x42: 43 48 46 47 59 51
44x44: 32 37 35 38 30 24
43x42: 31 30 33 34 32 36
47x38: 45 48 47 50 36 47
42x37: 24 15 38 24 36 30
49x43: 32 33 42 36 27 54
42x37: 31 25 33 30 24 25
36x39: 26 22 26 25 28 28
48x49: 47 54 44 36 32 42
41x42: 37 52 43 44 50 41
37x48: 24 35 38 31 37 27
47x44: 55 43 54 56 60 53
38x42: 29 46 39 36 44 52
37x38: 26 29 13 23 23 30
37x37: 26 22 24 22 26 24
38x48: 49 48 58 37 48 40
38x43: 25 38 25 34 21 25
42x45: 37 41 28 37 34 33
46x38: 46 40 39 50 59 40
38x48: 33 26 39 24 27 43
35x42: 43 31 35 48 31 38
44x42: 38 34 23 31 40 30
41x48: 33 40 42 38 31 23
47x42: 41 31 31 31 39 37
41x43: 33 26 29 37 24 32
47x49: 37 40 48 41 37 36
48x48: 56 58 69 45 56 68
43x39: 32 31 39 25 33 22
42x49: 37 31 27 44 36 48
43x40: 42 51 44 55 39 34
47x48: 45 34 35 48 40 37
36x50: 39 30 24 40 34 24
48x36: 26 34 41 27 23 40
35x44: 26 19 35 21 31 21
40x47: 44 47 44 51 52 53
38x37: 33 35 29 34 45 43
46x43: 29 23 42 40 35 40
44x40: 50 38 46 39 52 47
36x46: 42 54 44 44 41 30
37x42: 49 32 46 32 32 45
43x36: 35 36 44 35 47 43
36x48: 39 32 17 34 29 41
46x35: 44 50 40 39 35 38
38x38: 22 21 26 24 25 26
47x42: 44 52 52 42 48 64
38x48: 45 49 45 49 46 47
49x49: 64 55 62 58 58 71
36x36: 24 32 24 21 23 19
37x42: 32 28 20 25 27 36
50x49: 50 46 28 49 46 36
36x41: 49 33 34 36 30 43
38x39: 25 39 35 43 38 49
38x43: 37 46 49 35 47 38
48x35: 30 29 32 30 26 29
45x36: 27 32 26 30 31 33
44x46: 44 60 40 62 55 53
50x46: 40 35 43 44 37 40
37x40: 23 32 34 21 21 25
50x44: 52 57 60 53 62 56
39x48: 45 37 38 29 23 36
45x47: 29 39 40 35 38 44
46x35: 37 40 46 43 44 39
35x37: 21 26 21 23 24 16
35x50: 39 41 42 48 59 45
43x43: 63 36 37 42 55 53
50x48: 64 62 51 58 65 70
50x45: 47 35 31 42 39 46
46x40: 40 49 40 62 46 48
45x46: 51 54 48 52 65 52
37x45: 32 30 30 26 31 30
46x41: 57 45 47 42 54 46
42x48: 63 51 43 50 54 50
41x40: 23 26 31 33 24 32
44x49: 37 35 40 41 33 38
38x39: 37 33 41 38 37 42
35x41: 21 27 21 31 17 25
47x49: 74 60 60 54 46 56
40x39: 24 31 33 31 25 25
49x42: 40 42 33 34 29 45
48x41: 30 38 34 41 32 32
42x40: 23 22 38 39 29 30
35x45: 30 34 21 23 24 32
45x45: 56 45 57 56 51 47
38x43: 55 34 33 48 44 39
47x41: 39 25 43 41 27 20
47x39: 48 56 42 46 60 34
37x36: 27 20 31 19 27 20
48x35: 34 30 23 26 34 29
41x39: 33 36 47 46 34 49
40x44: 23 31 38 30 23 36
35x44: 21 23 27 31 28 23
38x49: 28 29 43 27 35 29
49x49: 53 41 43 36 32 50
42x41: 56 44 39 46 35 43
46x35: 28 39 29 20 23 25
37x49: 37 28 34 33 34 25
46x47: 63 48 58 52 51 59
50x37: 41 27 33 32 31 28
38x36: 20 26 22 27 29 20
45x41: 28 29 36 40 34 28
40x50: 50 48 57 60 47 46
44x39: 35 48 47 52 36 45
45x42: 53 41 55 63 38 40
49x35: 28 34 37 30 26 21
45x35: 32 21 30 30 33 19
50x36: 32 32 29 27 36 35
50x48: 62 51 71 65 68 55
36x36: 22 31 23 23 19 26
41x49: 36 32 36 36 34 34
44x39: 42 45 41 46 45 46
47x43: 32 27 45 34 33 38
35x38: 17 18 15 22 27 33
35x41: 29 25 27 27 16 18
40x49: 45 27 29 46 32 29
47x45: 69 60 50 47 52 46
48x40: 45 49 48 52 52 51
45x40: 33 29 30 40 23 40
49x38: 39 37 30 22 32 32
36x43: 33 36 33 43 40 54
44x50: 43 37 47 31 23 42
43x49: 37 29 39 43 35 40
44x47: 52 57 50 44 56 59
38x40: 19 27 23 24 24 38
39x42: 25 28 28 40 32 29
45x36: 33 28 34 32 25 28
50x47: 63 62 68 71 45 50
36x50: 46 43 48 45 36 56
38x35: 32 23 18 25 13 21
43x40: 38 29 25 23 36 30
37x36: 41 27 34 27 30 44
46x43: 41 46 48 52 66 56
41x49: 31 33 33 39 30 41
50x49: 55 69 56 72 57 68
39x39: 30 27 23 31 29 29
36x47: 35 37 46 41 49 54
38x42: 23 36 26 35 27 20
38x41: 28 21 29 21 31 25
35x45: 47 49 31 32 42 41
50x47: 42 38 32 48 46 34
36x41: 30 32 30 23 10 31
41x48: 40 30 45 30 41 22
35x37: 39 26 32 33 38 33
38x36: 16 24 24 29 18 33
48x45: 55 51 47 63 57 61
41x50: 32 32 28 45 34 37
40x44: 55 45 36 49 43 43
43x46: 27 26 37 41 40 38
49x37: 35 52 56 49 44 43
50x50: 48 43 36 44 44 41
46x43: 36 43 33 32 31 35
50x36: 45 41 46 43 54 50
47x48: 58 75 62 45 53 51
36x49: 29 21 32 38 34 37
46x45: 38 42 28 29 41 47
39x40: 33 33 25 24 26 27
46x37: 26 37 37 28 26 25
48x36: 32 34 35 33 35 22
40x35: 35 26 24 14 22 21
47x41: 55 44 46 57 40 53
41x46: 31 28 40 33 33 30
50x47: 43 44 42 45 33 32
45x46: 31 43 36 33 40 41
48x41: 36 35 30 39 27 40
46x46: 45 31 39 35 38 37
37x48: 30 28 28 39 33 33
45x46: 33 31 35 51 37 37
45x36: 45 45 41 45 35 37
41x44: 33 29 28 23 41 27
45x36: 49 36 47 32 51 36
35x44: 37 36 39 42 41 43
43x50: 48 70 61 57 50 44
47x43: 55 49 41 63 59 48
38x39: 44 33 33 36 48 37
38x50: 37 31 32 24 36 31
42x42: 31 27 26 35 36 40
44x42: 49 40 55 41 49 50
36x48: 39 30 33 27 28 34
38x43: 35 44 54 48 40 31
47x50: 66 64 44 59 61 68
47x45: 29 49 28 37 46 35
39x46: 34 35 36 23 37 30
36x41: 30 29 28 24 21 23
39x40: 30 21 26 32 33 27
44x37: 30 30 31 22 25 29
45x42: 44 43 51 49 41 61
36x37: 20 37 18 26 16 27
35x50: 33 27 26 27 35 28
36x38: 23 22 21 23 27 28
45x36: 38 18 38 26 29 31
36x48: 30 36 30 34 33 29
43x47: 46 35 43 26 29 30
41x45: 39 39 32 25 26 33
49x42: 46 32 32 38 40 35
45x41: 22 39 33 42 25 33
41x44: 33 36 31 29 32 21
38x37: 22 27 20 22 27 26
47x50: 68 66 67 50 49 57
46x40: 42 62 54 47 35 40
49x42: 31 38 36 35 45 38
37x38: 29 22 25 17 25 25
48x42: 37 37 38 39 39 33
43x39: 45 38 53 45 34 41
36x46: 49 37 49 32 40 46
39x50: 38 31 33 35 43 28
44x40: 42 48 47 47 40 46
38x41: 25 25 26 25 28 27
38x38: 29 47 43 29 40 34
38x36: 36 42 32 39 31 30
38x35: 25 18 20 27 25 17
42x45: 44 58 49 50 44 45
41x50: 50 52 49 49 66 53
38x36: 28 20 29 13 30 24
41x50: 31 37 34 28 42 36
38x47: 50 43 49 55 34 42
46x36: 28 22 41 30 30 28
35x41: 39 29 42 36 33 41
46x42: 53 55 48 38 57 47
47x47: 36 34 39 31 40 45
41x38: 20 30 26 27 29 24
49x38: 32 29 35 27 35 34
49x43: 41 50 65 62 55 53
37x50: 52 58 51 48 30 41
45x46: 40 33 30 43 40 38
42x49: 47 47 34 30 29 36
50x50: 40 47 45 41 44 39
43x48: 34 31 33 45 36 44
49x43: 55 48 55 51 51 63
38x43: 27 27 20 26 30 37
40x41: 42 32 59 30 42 46
35x41: 43 36 29 35 38 40
45x48: 45 40 38 35 38 43
39x37: 27 22 21 22 24 39
47x48: 39 54 37 42 38 30
48x40: 42 33 33 39 23 37
40x47: 54 43 38 50 53 53
44x38: 49 42 31 44 48 45
42x35: 44 31 43 38 33 36
36x42: 36 39 43 31 39 44
43x43: 41 48 37 52 57 53
43x48: 39 34 37 36 38 40
38x44: 26 29 32 24 26 30
43x50: 34 26 51 37 37 39
37x42: 43 39 26 46 42 45
48x46: 43 40 44 45 35 33
38x44: 42 47 56 32 33 43
36x35: 34 28 16 20 11 23
44x40: 41 67 31 41 43 47
37x40: 45 48 32 38 38 27
39x46: 26 33 29 38 31 38
44x35: 42 42 34 37 40 42
36x41: 27 24 27 30 30 18
47x36: 29 35 37 25 36 17
49x48: 56 56 52 63 69 69
43x43: 38 40 41 48 58 63
36x36: 29 38 31 31 35 36
43x42: 49 29 56 46 53 47
38x44: 27 30 34 29 22 26
41x40: 30 38 60 43 39 42
36x46: 24 28 36 31 31 30
44x39: 45 47 38 44 40 49
46x37: 36 34 36 29 23 22
39x49: 35 39 27 40 34 32
41x43: 17 24 30 38 37 36
38x35: 20 35 19 22 21 15
36x41: 23 27 31 32 23 20
40x41: 27 24 27 30 29 32
39x50: 42 37 58 54 47 62
35x35: 39 26 35 35 23 29
37x47: 25 35 29 23 36 32
49x49: 45 39 47 42 42 41
44x44: 33 31 27 45 30 30
40x45: 34 29 33 35 30 33
35x44: 39 38 38 46 39 38
50x39: 57 40 59 44 55 46
39x36: 30 23 30 25 24 23
36x40: 25 35 35 47 32 48
50x38: 39 34 34 33 23 29
48x41: 41 56 58 50 47 50
39x48: 36 32 35 31 36 37
40x49: 31 44 30 50 27 26
47x45: 23 32 41 33 52 44
45x41: 35 31 46 25 28 29
38x47: 30 30 41 30 31 17
41x41: 31 32 24 22 27 33
41x47: 48 35 29 30 24 29
48x45: 32 42 43 31 42 49
38x45: 28 26 29 32 34 30
40x41: 45 42 40 49 43 35
47x43: 36 34 33 33 41 33
43x50: 37 38 29 39 37 44
39x38: 26 21 23 27 27 32
45x48: 27 39 37 49 48 39
36x38: 24 15 26 27 22 30
49x39: 54 50 49 49 52 41
37x40: 33 43 37 41 36 38
49x45: 44 41 37 28 53 36
35x45: 45 42 45 39 39 32
47x47: 63 49 59 46 58 64
50x35: 23 33 33 32 20 34
41x50: 52 43 66 49 63 45
39x38: 48 32 40 36 38 34
41x50: 34 48 32 33 34 26
50x45: 36 38 44 40 37 44
41x40: 26 28 27 35 18 35
35x43: 51 32 38 35 41 35
38x37: 29 26 23 24 19 23
41x47: 34 42 27 29 38 25
35x50: 32 32 17 25 31 38
48x39: 43 49 49 46 48 53
35x44: 42 36 39 31 46 44
50x43: 36 39 32 42 37 37
48x42: 51 41 50 59 50 60
43x41: 45 42 44 41 46 53
48x39: 48 44 51 52 42 50
38x48: 34 28 22 37 31 39
37x48: 28 40 29 40 25 29
47x43: 27 36 40 39 44 24
37x44: 33 22 20 33 31 29
43x43: 42 56 44 42 48 52
42x41: 33 21 21 42 41 23
40x36: 34 36 34 48 36 35
42x45: 26 28 41 42 34 38
37x41: 17 32 27 17 29 34
45x39: 37 34 34 28 28 33
45x43: 48 47 48 48 51 56
37x44: 40 41 50 35 35 47
37x38: 42 42 25 33 35 39
43x43: 36 34 36 38 31 21
46x35: 34 45 45 43 40 41
42x37: 32 43 44 39 42 40
48x48: 49 41 37 41 50 38
49x46: 36 36 39 43 51 35
43x49: 60 57 47 59 61 43
40x48: 54 58 44 55 51 35
46x50: 68 54 69 44 55 61
42x41: 38 40 47 37 51 53
40x37: 39 33 30 52 35 40
43x50: 49 58 53 70 41 58
35x37: 32 43 35 29 27 31
47x38: 22 29 32 32 19 45
36x46: 54 34 45 38 44 40
40x46: 36 31 25 46 21 35
39x38: 33 25 39 41 43 49
44x47: 29 20 46 40 41 33
45x41: 39 29 29 33 33 32
38x47: 50 52 38 32 46 55
44x39: 48 45 57 34 44 35
40x42: 41 50 33 46 39 49
43x43: 45 33 21 33 28 36
47x46: 49 31 33 35 29 47
40x48: 52 37 50 52 49 56
48x43: 56 49 52 59 40 59
39x41: 23 34 24 26 23 38
36x50: 56 54 43 37 50 37
48x50: 58 52 69 54 64 72
44x48: 38 40 34 39 34 38
37x42: 41 31 36 44 44 45
44x37: 38 38 59 38 37 39
40x47: 28 36 31 39 29 31
38x45: 42 54 35 47 38 46
48x48: 61 42 65 64 51 70
48x35: 44 42 40 44 43 46
47x48: 38 39 48 31 44 39
50x38: 58 48 38 53 55 43
38x48: 26 31 36 34 30 34
45x41: 32 53 55 56 46 43
41x39: 28 34 31 21 25 30
48x38: 34 30 28 36 25 38
39x48: 45 49 49 51 49 46
49x39: 48 47 46 51 47 55
50x46: 44 36 45 36 43 35
48x48: 46 44 36 42 41 47
47x37: 24 34 31 33 28 29
44x42: 38 32 37 37 28 23
37x42: 32 29 22 30 34 20
35x37: 31 37 31 36 26 37
50x39: 51 42 49 51 59 51
42x41: 21 34 31 36 26 33
43x44: 21 35 36 34 40 30
45x41: 52 51 37 39 47 57
47x46: 41 36 30 43 38 36
42x49: 33 37 36 38 29 50
43x48: 58 41 50 41 66 64
48x48: 54 48 64 70 58 62
45x35: 36 40 44 43 40 40
47x49: 50 51 61 61 67 67
49x43: 54 48 60 59 67 41
50x38: 32 45 20 35 30 30
43x36: 43 43 38 27 51 38
42x39: 48 38 43 43 40 40
49x41: 43 50 49 56 51 61
36x48: 32 39 33 33 29 25
44x48: 44 32 26 46 36 39
44x41: 25 32 30 23 41 30
49x35: 33 39 21 26 28 29
42x46: 38 36 39 36 33 27
42x35: 32 39 32 44 43 39
45x40: 33 39 29 38 27 28
48x37: 58 48 45 44 45 33
36x50: 50 44 47 55 48 35
48x47: 63 60 69 52 56 46
45x45: 43 48 60 42 50 67
43x49: 37 40 27 33 50 36
46x49: 41 44 43 43 36 32
45x35: 51 48 36 35 30 39
41x44: 29 31 29 25 36 31
41x37: 22 32 19 27 31 24
41x42: 33 26 34 25 30 33
49x46: 45 37 33 39 43 42
38x38: 25 13 31 23 26 25
35x49: 45 36 44 41 35 60
42x43: 36 30 31 32 40 26
46x41: 42 51 52 47 47 51
41x35: 24 25 14 20 32 27
50x46: 53 66 71 47 58 57
49x49: 63 62 63 65 65 53
35x49: 25 40 21 30 34 25
38x39: 34 25 27 21 24 25
39x37: 29 29 23 22 22 31
36x44: 24 27 35 26 37 19
48x48: 66 69 49 52 49 66
37x41: 44 33 41 36 42 38
36x38: 25 28 25 21 23 22
46x48: 42 30 41 37 48 41
42x49: 57 55 51 58 54 43
37x45: 48 42 43 40 36 45
36x45: 38 41 38 44 53 39
40x43: 44 41 44 42 39 53
42x41: 23 34 25 32 33 34
49x38: 34 35 40 29 22 32
35x43: 29 23 20 22 32 27
41x46: 40 49 35 54 54 61
48x45: 39 39 26 47 44 44
39x44: 30 27 37 33 29 25
41x37: 26 28 28 27 24 22
47x45: 46 50 55 53 56 66
38x41: 37 35 49 37 49 35
36x41: 33 44 43 33 39 35
42x38: 25 25 33 30 22 33
50x45: 65 66 44 60 51 59
49x43: 62 50 54 64 48 46
43x43: 37 31 38 28 29 32
41x42: 30 33 34 30 23 31
36x45: 49 45 42 40 33 38
35x35: 31 36 26 35 30 31
44x40: 31 38 29 23 33 28
50x42: 33 36 32 42 39 41
35x46: 28 30 24 29 27 27
40x35: 17 26 26 28 19 26
50x44: 64 74 50 49 58 43
48x37: 36 32 34 31 33 25
42x39: 38 29 28 34 30 22
37x48: 26 30 49 30 24 32
50x37: 30 35 32 30 27 38
39x49: 57 43 56 45 50 43
48x48: 31 43 49 38 49 46
45x50: 43 40 39 36 41 41
41x35: 30 40 36 44 36 36
36x41: 29 24 21 33 21 28
41x45: 36 34 33 30 29 33
49x38: 32 31 38 30 29 31
48x43: 71 53 50 51 41 48
45x40: 48 48 45 49 33 51
42x49: 50 50 59 47 52 58
44x39: 35 29 29 30 30 29
50x41: 25 38 31 36 38 40
37x43: 33 34 25 25 23 28
47x45: 40 37 42 24 36 46
40x48: 37 29 33 31 35 42
41x46: 60 54 42 39 52 43
41x49: 63 45 46 49 58 50
39x39: 30 23 26 26 26 38
41x38: 50 34 38 42 36 39
49x35: 28 34 25 32 30 27
39x39: 27 29 24 26 34 28
36x42: 43 37 41 31 40 40
37x42: 38 43 42 33 35 46
43x48: 45 42 41 31 32 33
46x40: 38 24 42 34 23 34
47x43: 34 28 43 36 34 35
37x41: 35 37 35 37 45 46
38x49: 46 54 52 42 58 37
40x50: 55 54 49 45 54 51
40x46: 38 37 29 25 30 35
46x47: 40 38 30 35 43 39
47x37: 43 29 46 47 61 47
50x42: 44 40 34 39 38 29
37x37: 25 23 22 21 26 27
47x42: 52 44 53 51 50 54
35x36: 20 20 23 25 23 21
42x42: 46 45 51 50 41 38
38x40: 37 28 45 46 39 40
40x36: 21 30 26 25 26 28
41x37: 27 40 50 42 35 39
42x38: 42 35 32 40 42 55
37x41: 20 28 31 24 21 31
40x40: 23 21 29 29 33 33
49x40: 56 58 46 49 51 42
35x49: 56 49 45 38 39 35
43x47: 54 56 48 48 39 62
44x50: 61 73 49 59 52 44
40x37: 18 29 33 29 23 23
40x37: 31 27 26 23 27 22
48x39: 39 51 62 49 36 48
38x39: 34 34 46 38 34 41
39x47: 30 27 42 36 27 32
38x45: 41 57 42 39 34 47
45x37: 34 33 26 30 28 28
43x39: 24 32 32 34 34 25
50x39: 32 33 31 34 44 33
38x41: 27 26 23 27 29 24
47x39: 34 27 40 25 37 31
35x35: 29 32 38 27 24 36
47x42: 31 35 40 34 36 33
40x41: 41 38 52 40 41 40
35x47: 27 32 31 26 28 21
48x45: 41 36 49 37 37 40
40x38: 35 18 26 27 27 22
50x36: 57 45 45 44 46 40
44x35: 38 46 39 37 44 34
47x41: 50 38 47 53 49 60
47x45: 33 41 39 35 42 35
40x45: 28 39 31 32 27 37
43x46: 26 39 37 44 30 33
48x50: 38 46 42 36 51 42
49x39: 43 38 24 39 38 25
49x37: 35 36 23 38 24 36
38x46: 39 27 23 32 26 32
39x43: 41 38 48 48 40 43
49x42: 42 33 31 31 47 39
39x38: 20 25 29 27 34 20
40x36: 36 22 26 15 30 27
42x40: 26 40 35 32 25 23
45x41: 43 41 61 47 51 42
39x35: 36 39 29 39 35 33
39x47: 38 45 54 50 45 50
47x36: 32 31 35 28 24 30
48x44: 33 45 30 41 44 31
49x37: 56 47 41 42 52 42
42x49: 34 43 29 42 31 44
50x35: 33 29 36 32 26 19
49x41: 55 39 62 61 53 41
39x42: 47 49 38 45 40 33
41x50: 34 31 41 29 42 31
46x40: 41 40 44 47 57 57
42x38: 38 43 42 45 33 43
45x46: 49 56 58 55 39 58
43x49: 31 36 40 35 33 49
44x38: 20 34 30 26 22 35
46x39: 33 31 37 28 33 32
40x49: 33 35 37 36 28 38
38x36: 23 18 26 20 29 28
39x35: 25 26 22 22 21 27
39x47: 27 40 35 31 33 28
38x44: 22 28 28 30 31 29
46x50: 39 32 35 48 39 47
49x37: 44 42 51 47 39 54
35x42: 22 30 26 25 26 24
39x42: 41 53 42 35 37 42
46x45: 42 55 50 61 61 53
35x37: 40 31 37 31 33 27
47x43: 48 57 50 51 51 54
43x36: 26 35 24 30 27 25
48x39: 54 45 47 49 46 47
50x41: 48 50 44 58 51 65
38x42: 27 29 31 35 25 21
43x47: 66 40 41 56 53 56
38x47: 40 48 52 53 42 40
45x44: 54 48 54 46 46 55
44x44: 24 37 36 40 27 31
40x37: 25 22 32 29 19 28
49x35: 43 46 47 43 41 43
36x35: 17 22 27 26 28 12
45x49: 38 27 44 47 46 38
44x43: 32 37 29 37 26 34
50x40: 40 31 33 36 34 34
38x46: 35 24 22 33 33 33
49x46: 33 37 51 42 37 39
46x48: 65 61 45 67 45 55
47x38: 45 45 59 37 47 41
50x43: 57 47 66 54 63 46
36x47: 39 26 28 29 23 35
43x39: 45 40 48 40 29 52
40x35: 33 36 40 38 47 25
46x35: 32 29 24 25 24 30
46x39: 46 43 41 52 46 49
37x36: 38 26 52 22 29 35
43x37: 41 48 42 40 41 33
36x42: 43 37 44 33 32 41
47x45: 45 67 61 50 50 51
50x46: 55 60 51 69 57 63
48x35: 25 28 24 38 25 35
45x41: 48 44 44 46 47 55
35x38: 21 19 24 22 24 21
37x47: 26 30 35 30 25 33
36x42: 40 46 38 30 36 41
36x36: 21 18 27 26 32 20
49x43: 34 36 40 38 51 24
35x35: 16 19 25 22 16 22
50x36: 24 38 36 27 30 37
44x50: 45 54 62 56 68 57
37x50: 28 30 30 38 38 27
35x41: 21 24 23 19 19 37
46x39: 26 38 38 36 27 30
35x45: 24 26 26 32 35 22
41x48: 56 55 45 41 52 53
45x38: 37 27 27 31 34 24
35x47: 30 26 32 22 21 33
36x39: 22 18 37 29 31 18
37x46: 43 43 48 44 47 38
50x43: 32 39 36 44 36 37
36x39: 32 18 23 32 16 35
41x37: 23 26 26 24 30 27
42x47: 47 52 56 49 52 48
47x43: 39 38 29 37 29 37
36x35: 18 24 20 19 25 26
43x45: 52 45 55 55 43 47
45x42: 65 40 48 55 49 35
50x36: 25 31 30 41 32 33
41x36: 38 17 29 22 29 21
38x44: 31 26 24 30 32 25
38x50: 55 50 52 50 53 34
38x35: 30 22 18 19 17 25
40x39: 39 49 32 35 45 41
37x49: 36 29 32 33 28 33
50x50: 62 69 58 53 80 66
35x39: 22 21 25 22 27 26
44x40: 29 26 41 27 29 29
41x38: 23 32 16 25 36 24
44x41: 54 42 42 47 54 41
40x37: 40 36 40 33 44 36
47x45: 43 37 35 42 33 34
50x39: 41 38 32 36 25 35
46x40: 29 31 32 41 26 36
39x38: 32 21 19 24 32 27
43x45: 51 50 50 51 52 45
44x46: 43 63 56 58 50 42
42x35: 33 36 38 39 53 32
41x47: 54 44 58 45 52 44
46x50: 36 32 36 45 49 42
50x48: 60 69 58 62 56 63
41x43: 21 30 40 25 26 40
49x37: 44 27 31 33 31 26
46x48: 61 57 53 49 64 57
39x35: 21 28 23 29 20 22
37x38: 39 40 34 42 34 28
50x37: 32 22 32 29 37 40
47x41: 52 42 64 49 44 44
50x45: 36 31 43 48 41 40
35x48: 46 36 40 52 47 40
46x39: 33 30 31 32 38 30
48x43: 36 37 39 35 36 40
39x46: 39 20 34 34 38 29
37x46: 42 32 48 47 48 47
41x36: 21 26 27 34 23 25
38x40: 22 23 24 25 30 32
41x38: 27 27 19 23 22 37
41x35: 42 33 34 28 34 48
40x35: 34 32 42 39 39 31
46x42: 40 32 40 31 31 36
40x35: 37 42 29 41 38 30
42x45: 30 37 33 32 37 40
35x40: 32 22 21 22 19 26
46x50: 37 41 31 43 46 41
40x42: 53 42 46 41 38 37
46x41: 30 43 26 24 35 37
44x50: 35 39 31 42 42 34
46x48: 55 70 48 57 42 64
43x46: 32 40 29 40 36 32
36x42: 28 26 26 38 23 26
37x35: 31 32 41 31 32 32
36x43: 43 39 35 36 44 42
42x45: 48 39 49 55 48 53
41x46: 35 28 25 41 33 33
35x49: 37 40 50 44 50 45
47x39: 55 48 42 52 40 44
42x50: 39 36 37 33 46 33
39x35: 11 40 20 23 25 23
35x36: 26 36 34 32 35 32
44x48: 39 38 34 36 36 41
37x43: 33 22 28 24 30 31
48x46: 57 63 67 54 51 46
41x49: 35 35 28 47 36 27
45x40: 28 32 33 35 28 38
50x36: 45 44 63 49 40 35
37x50: 34 36 32 23 34 32
39x46: 43 52 39 43 61 42
47x49: 41 34 35 45 54 31
44x49: 58 49 51 54 52 67
48x44: 57 42 43 62 60 64
43x47: 54 63 49 57 49 39
50x38: 31 40 33 27 25 35
49x46: 75 56 57 56 51 50
50x50: 65 65 60 71 68 58
43x47: 51 59 53 46 44 55
50x35: 46 41 53 33 45 50
36x38: 26 23 16 23 31 24
39x39: 35 40 48 43 33 34
46x42: 27 43 39 38 32 31
36x43: 45 44 36 36 43 35
46x49: 23 49 35 45 40 47
44x45: 34 34 38 30 35 39
38x44: 32 35 34 21 21 25
46x44: 48 39 65 50 50 59
42x42: 39 50 51 42 45 44
41x39: 30 23 28 25 27 35
36x44: 32 37 29 17 27 25
42x42: 44 46 43 45 46 48
48x36: 35 37 40 24 33 23
40x47: 36 36 33 30 25 35
36x49: 28 41 29 30 36 28
45x49: 35 49 32 41 39 43
46x44: 56 52 46 50 50 57
47x47: 61 55 51 48 57 67
36x50: 45 44 53 47 52 38
46x39: 37 33 34 34 24 32
43x36: 31 47 39 40 55 31
42x43: 58 39 52 40 38 48
37x37: 24 22 28 19 23 28
36x47: 27 26 36 31 26 33
45x40: 37 47 45 54 38 55
38x45: 23 37 32 28 31 29
44x36: 25 32 22 26 25 38
48x37: 34 26 40 27 34 30
44x50: 58 56 56 55 55 58
48x48: 70 58 60 63 58 46
38x41: 46 39 40 45 41 30
39x39: 41 40 39 39 42 34
47x35: 22 40 22 26 23 32
44x43: 59 52 46 46 38 47
43x35: 23 16 33 26 28 27
47x48: 38 38 42 35 52 35
44x50: 68 59 50 47 58 56
45x42: 30 27 48 38 34 33
37x41: 47 36 35 39 37 39
39x37: 29 23 20 27 23 34
44x41: 34 28 25 26 36 33
46x42: 39 26 51 28 31 35
43x42: 50 49 49 51 43 36
49x44: 47 67 49 61 49 58
43x43: 56 44 48 38 53 46
41x45: 25 27 37 32 35 38
37x44: 27 29 25 27 28 31
44x48: 36 29 45 40 39 35
43x49: 48 32 36 31 37 39
46x37: 42 54 40 43 43 40
38x39: 25 32 22 26 27 24
41x44: 28 22 36 38 28 29
44x45: 35 33 28 48 27 39
47x44: 31 40 31 36 35 36
42x36: 46 37 40 31 32 44
50x44: 36 62 59 68 55 60
37x49: 31 26 42 31 32 29
43x40: 31 24 29 35 33 30
38x45: 48 38 41 36 50 51
35x39: 28 33 40 31 33 44
42x50: 40 40 38 42 29 35
38x39: 29 21 25 28 28 25
48x49: 28 41 51 41 59 35
36x41: 42 40 37 34 45 31
45x47: 40 40 44 33 32 35
49x42: 50 53 58 48 59 50
40x47: 32 36 34 33 29 30
38x45: 32 30 37 27 29 24
38x47: 33 26 23 35 30 32
50x44: 37 38 36 38 40 34
50x49: 44 39 40 39 46 47
43x47: 36 32 36 39 37 30
35x47: 21 29 38 29 28 20
44x46: 61 52 43 43 47 63
50x41: 32 38 26 34 37 40
47x45: 49 62 49 58 46 60
46x43: 49 36 25 25 31 44
45x39: 34 42 29 33 22 34
39x39: 39 42 48 39 35 30
49x42: 34 37 43 42 40 27
36x43: 41 48 43 41 37 28
45x41: 40 25 26 35 32 36
43x38: 27 39 22 33 17 29
48x41: 28 34 27 45 42 32
49x43: 43 40 20 39 38 43
36x37: 27 24 26 26 19 21
47x39: 49 45 44 46 64 39
39x39: 25 32 28 27 27 29
50x50: 52 61 75 78 57 62
40x47: 47 31 24 31 20 41
39x41: 24 31 22 25 25 41
35x49: 40 19 36 26 29 25
36x43: 43 39 40 41 37 38
39x48: 28 31 24 49 35 40
44x46: 30 37 41 44 32 26
49x35: 24 33 29 27 28 34
40x37: 38 45 45 30 39 30
48x36: 24 26 24 34 38 46
37x49: 62 47 43 43 51 34
42x41: 26 39 25 33 29 30
47x47: 67 56 61 54 57 45
50x42: 60 50 61 57 51 44
41x42: 22 36 35 30 17 42
40x49: 50 51 53 49 31 62
48x44: 31 41 39 43 36 33
35x45: 38 35 41 38 40 50
46x36: 44 51 39 40 44 37
43x43: 37 33 26 41 27 32
38x46: 34 36 24 21 44 21
43x39: 53 40 54 31 44 35
38x50: 34 31 32 40 34 21
48x36: 52 42 50 38 37 44
50x48: 49 42 42 37 42 44
38x38: 19 21 28 29 25 22
36x44: 45 41 31 42 36 48
42x46: 56 49 47 40 49 55
35x45: 22 20 34 35 28 25
49x36: 37 39 53 42 45 55
50x38: 42 53 55 40 55 48
40x35: 28 18 35 19 22 20
39x41: 44 36 38 44 42 43
46x35: 30 22 20 25 32 35
36x45: 28 33 27 29 26 36
43x49: 41 40 44 27 34 37
42x46: 58 49 46 48 56 42
40x41: 41 43 53 44 39 32
49x40: 40 31 34 39 32 31
40x39: 40 48 36 36 31 46
40x38: 27 22 22 37 18 29
47x43: 56 58 45 65 44 43
35x44: 40 32 32 40 42 52
35x49: 42 36 24 21 27 26
38x38: 22 22 25 22 25 27
42x40: 43 45 37 38 47 49
47x39: 28 35 31 32 34 34
42x43: 52 43 42 50 41 49
50x36: 41 43 44 52 32 62
45x41: 34 26 41 32 31 30
47x47: 35 45 41 42 30 31
37x37: 32 31 37 40 44 30
45x35: 21 33 25 28 35 23
49x45: 32 36 37 47 54 34
44x49: 53 54 69 50 55 50
37x39: 31 40 38 35 30 46
48x44: 50 50 51 53 79 49
46x39: 48 43 51 47 37 48
48x50: 60 69 65 63 59 53
48x36: 53 42 39 30 41 58
49x47: 52 61 56 60 57 68
37x35: 35 36 31 31 29 36
50x40: 40 31 31 31 37 37
37x35: 38 28 40 32 36 26
35x48: 44 38 43 37 50 48
49x42: 58 51 61 50 47 48
45x35: 32 42 39 47 49 37
43x47: 30 37 38 32 36 36
37x50: 25 35 38 31 38 25
47x49: 37 47 26 43 47 39
48x47: 35 45 32 50 42 35
47x44: 29 46 35 39 30 31
38x39: 28 26 22 22 35 22
43x46: 38 50 56 47 65 52
36x42: 34 22 25 36 28 22
46x44: 32 32 39 25 43 38
42x38: 33 31 27 24 28 24
35x44: 31 29 23 16 27 27
50x41: 28 40 31 40 36 32
39x44: 34 41 44 62 52 36
45x44: 48 48 49 57 52 52
49x50: 69 56 71 59 61 60
38x46: 52 46 42 42 49 39